╔══════════════════════════════════════════════════════════════════════════════════════════════════════╗
║                         MIXED STOCHASTIC LOAD TEST REPORT                                         ║
║                         2026-02-16 10:51:23                                                        ║
╠══════════════════════════════════════════════════════════════════════════════════════════════════════╣
║  ME URL:          http://149.130.191.100
║  Normal runs:     20 (2 min each)
║  Aggressive runs: 20 (20 sec each)
║  Total runs:      40
╚══════════════════════════════════════════════════════════════════════════════════════════════════════╝

Run#   Type           Total Reqs   BUY Orders  SELL Orders    p50(ms)    p95(ms)    p99(ms)    Avg(ms)       Err%        OK%     Reqs/sec
───── ──────────── ──────────── ──────────── ──────────── ────────── ────────── ────────── ────────── ────────── ────────── ────────────
01     normal                  0            0            0       0.00       0.00       0.00       0.00          0          0         0.00
02     normal                  0            0            0       0.00       0.00       0.00       0.00          0          0         0.00
03     aggressive              0            0            0       0.00       0.00       0.00       0.00          0          0         0.00
04     aggressive              0            0            0       0.00       0.00       0.00       0.00          0          0         0.00
05     aggressive              0            0            0       0.00       0.00       0.00       0.00          0          0         0.00
06     normal                  0            0            0       0.00       0.00       0.00       0.00          0          0         0.00
07     aggressive              0            0            0       0.00       0.00       0.00       0.00          0          0         0.00
08     aggressive              0            0            0       0.00       0.00       0.00       0.00          0          0         0.00
09     aggressive              0            0            0       0.00       0.00       0.00       0.00          0          0         0.00
10     normal                  0            0            0       0.00       0.00       0.00       0.00          0          0         0.00
11     aggressive              0            0            0       0.00       0.00       0.00       0.00          0          0         0.00
12     normal                  0            0            0       0.00       0.00       0.00       0.00          0          0         0.00
13     aggressive              0            0            0       0.00       0.00       0.00       0.00          0          0         0.00
14     aggressive              0            0            0       0.00       0.00       0.00       0.00          0          0         0.00
15     aggressive              0            0            0       0.00       0.00       0.00       0.00          0          0         0.00
16     aggressive              0            0            0       0.00       0.00       0.00       0.00          0          0         0.00
17     aggressive              0            0            0       0.00       0.00       0.00       0.00          0          0         0.00
18     normal                  0            0            0       0.00       0.00       0.00       0.00          0          0         0.00
19     normal                  0            0            0       0.00       0.00       0.00       0.00          0          0         0.00
20     normal                  0            0            0       0.00       0.00       0.00       0.00          0          0         0.00
21     normal                  0            0            0       0.00       0.00       0.00       0.00          0          0         0.00
22     normal                  0            0            0       0.00       0.00       0.00       0.00          0          0         0.00
23     aggressive              0            0            0       0.00       0.00       0.00       0.00          0          0         0.00
24     aggressive              0            0            0       0.00       0.00       0.00       0.00          0          0         0.00
25     aggressive              0            0            0       0.00       0.00       0.00       0.00          0          0         0.00
26     normal                  0            0            0       0.00       0.00       0.00       0.00          0          0         0.00
27     normal                  0            0            0       0.00       0.00       0.00       0.00          0          0         0.00
28     aggressive              0            0            0       0.00       0.00       0.00       0.00          0          0         0.00
29     aggressive              0            0            0       0.00       0.00       0.00       0.00          0          0         0.00
30     normal                  0            0            0       0.00       0.00       0.00       0.00          0          0         0.00
31     aggressive              0            0            0       0.00       0.00       0.00       0.00          0          0         0.00
32     normal                  0            0            0       0.00       0.00       0.00       0.00          0          0         0.00
33     normal                  0            0            0       0.00       0.00       0.00       0.00          0          0         0.00
34     normal                  0            0            0       0.00       0.00       0.00       0.00          0          0         0.00
35     aggressive              0            0            0       0.00       0.00       0.00       0.00          0          0         0.00
36     normal                  0            0            0       0.00       0.00       0.00       0.00          0          0         0.00
37     normal                  0            0            0       0.00       0.00       0.00       0.00          0          0         0.00
38     normal                  0            0            0       0.00       0.00       0.00       0.00          0          0         0.00
39     aggressive              0            0            0       0.00       0.00       0.00       0.00          0          0         0.00
40     normal                  0            0            0       0.00       0.00       0.00       0.00          0          0         0.00

╔══════════════════════════════════════════════════════════════════════════════════════════════════════╗
║  SUMMARY                                                                                          ║
╠══════════════════════════════════════════════════════════════════════════════════════════════════════╣
║
║  Total requests (all runs):    0
║  Total BUY orders:             0
║  Total SELL orders:            0
║
║  Requests from NORMAL runs:    0
║  Requests from AGGRESSIVE runs: 0
║
╚══════════════════════════════════════════════════════════════════════════════════════════════════════╝
